z	x	y
2.83677241557876	0.271010397933424	0.308330826694146
4.98716737258938	0.589598182588816	0.514913398073986
6.4123253407885	0.651744204340503	0.730453003430739
4.64199823203606	0.581982715521008	0.461400185944512
2.79394055883023	0.463688366813585	0.191102059325203
2.93451976980006	0.383554209023714	0.261294514406472
1.27917187004980	0.0794752966612577	0.0330740590579808
1.83529172321921	0.181291245622560	0.126493428600952
2.76031829087241	0.241675880039111	0.317062515066937
6.09953967899863	0.357555357273668	0.994609043002129
3.47848426292047	0.428392646834254	0.339556672843173
2.69600905037095	0.690056670224294	0.0485506597906351
4.15333237935042	0.471097704954445	0.449840617133304
2.25764246408847	0.0567129640839994	0.343209589598700
6.76581832282724	0.490836769808084	0.9666931189131
7.82155164499797	0.939337411196902	0.731600971193984
6.17071135305105	0.836881218245253	0.55541850393638
9.56943494076366	0.95524439867586	0.983937517972663
3.89221442011407	0.0434587821364403	0.892678259406239
8.66646012669439	0.913777908543125	0.87644656165503
4.19683344458369	0.435060780728236	0.491248462814838
2.09395015824435	0.287694544764236	0.126945944037288
3.36931285676032	0.787543372483924	0.131094555836171
1.78234043071753	0.334753177827224	0.0377187312114984
6.7597032373468	0.861427721334621	0.627228512894362
6.45369934024646	0.697723916498944	0.699116503586993
4.2421525200907	0.0754883997142315	0.94756849645637
4.06217900459517	0.69139689207077	0.293275123927742
4.63089810188932	0.474205275066197	0.545384965604171
4.34365671165315	0.792620074003935	0.289529560599476
5.97861309304895	0.82086066971533	0.533676120219752
7.94201669301439	0.720881416695192	0.925762037513778
4.54102253795285	0.64409526064992	0.408562681637704
4.48868669688295	0.186699649319053	0.830146257067099
3.42428245967399	0.229752527782694	0.488447926472872
5.77922653718365	0.704860800411552	0.579306396190077
5.46297760148312	0.553329615388066	0.634376813890412
7.87064792839328	0.648762805853039	0.993516546208411
2.65428174546481	0.181059434078634	0.355962224537507
3.83228843522403	0.0206491758581251	0.908201141050085
1.98792339274685	0.335419178474694	0.0744400930125266
2.34471584756543	0.0865909087006003	0.339411858934909
4.61705242696859	0.450144433416426	0.565877436893061
6.43023787853294	0.454964429838583	0.937507840339094
5.55753379339775	0.454068715916947	0.748547923285514
3.56937270567195	0.0328364355955273	0.784046080429107
5.06971060825810	0.354900526115671	0.756217200076208
3.65901956184216	0.810301654040813	0.173970357747748
6.94248858913431	0.602734754793346	0.871580346254632
4.36216806444767	0.109851688379422	0.893108169781044
3.40749258395186	0.28340869047679	0.434233900392428
2.52810998673657	0.195217854809016	0.305032855365425
5.81672168562067	0.874724537832662	0.47757849516347
3.61401865421765	0.580871840240434	0.268281095661223
6.57641902195084	0.988347929902375	0.513980451272801
4.93914909365704	0.868522169301286	0.336091483710334
1.91773813334696	0.258424076018855	0.108251662692055
3.72790030056554	0.8279242021963	0.172876522643492
3.39071900944995	0.966340394224972	0.0628777544479817
5.76866641348339	0.836573452688754	0.484735884005204
5.02243042281777	0.902934789890423	0.341872276738286
3.30328156991879	0.693511217599735	0.164227853994817
1.72927293418959	0.0780012952163815	0.176706807920709
2.38551554516568	0.338205291889608	0.162677690386772
4.68638056347854	0.129564544651657	0.9745844299905
3.99196736925638	0.222093592397869	0.66126867197454
3.96225650222229	0.124228598782793	0.77023033471778
1.85729645365101	0.218775269808248	0.115611501969397
2.65038564961488	0.599956725956872	0.0822180362883955
1.76497873782058	0.382199435727671	0.00878452719189227
5.32053488772919	0.482783660758287	0.66944252839312
2.68768465221927	0.586335697676986	0.112399239558727
5.00360444852204	0.76936029852368	0.417012898251414
4.87814580931885	0.268187160836533	0.833756409119815
7.2236676162922	0.828191600274295	0.724799658870324
6.54264953485079	0.520701328990981	0.890835472615436
7.54911736875047	0.874503808328882	0.738433209946379
2.72394001213433	0.542214314220473	0.122697102138773
4.83873384254096	0.427209568209946	0.627248708158731
5.08053243236785	0.79439552128315	0.407594749238342
4.61016881361853	0.615732334321365	0.429616386769339
4.10606905314255	0.327818247256801	0.566241388674825
2.17662193779901	0.0522178115788847	0.326736084651202
6.427034143561	0.419418663252145	0.98509253328666
3.56652196725500	0.872784985229373	0.126949458615854
5.72221780939975	0.698332925327122	0.582631167490035
4.76725133340869	0.971490580122918	0.261615519179031
2.60216183640471	0.106118358438835	0.404091147938743
6.19953151753642	0.562290981411934	0.767392246751115
3.04038196604131	0.399358079768717	0.278648297535256
7.32334545757571	0.909270092612132	0.678712520748377
9.46931311112094	0.935942464740947	0.9810018283315
5.01633967832061	0.676163812167943	0.471615854883566
2.55110322479974	0.182702467544004	0.330591754755005
2.44029302539711	0.510565988020971	0.0867851842194796
6.55046152217943	0.583345539169386	0.809687813511118
2.95882439569635	0.247253095265478	0.377706682775170
5.09607395681875	0.85124430200085	0.376730462303385
4.58208899257984	0.488857766380534	0.514708122005686
4.50685018862908	0.160660207737237	0.869574453448877
2.90597568775935	0.49078969983384	0.195278851781040
4.14980616618795	0.573521566344425	0.377375276992097
1.68769973771881	0.0560775508638471	0.182151308050379
4.25664792245002	0.144057643832639	0.841125771868974
7.83569288687561	0.759819862898439	0.883850568672642
3.12919792772063	0.508196601644158	0.230256001232192
7.55070463723398	0.64644756889902	0.939140839036554
6.63247445307947	0.836717136437073	0.622212360380217
8.49057466700452	0.757951661478728	0.987030933378264
7.39848112885092	0.779373933095485	0.796474736183882
2.18079419062775	0.524529689922929	0.0205777038354427
8.59945459994632	0.802799258148298	0.969032507389784
5.39098250850298	0.252849662909284	0.977508968440816
3.71145570204462	0.0552195727359504	0.812950122402981
7.44420928745963	0.763216268736869	0.81404092325829
3.7222585058974	0.265184741932899	0.536569497315213
3.60145921668553	0.664954144041985	0.223529244540259
7.529476288703	0.903003385756165	0.711564155528322
8.09237629958003	0.787589530926198	0.896976613206789
5.22783044094834	0.689137790352106	0.508044638903812
2.1972081202897	0.218491591047496	0.193021769635379
3.09085684249136	0.63115584407933	0.155576818156987
5.31217524952069	0.716878346633166	0.502524415962398
2.32709361956594	0.269166058395058	0.202841563615948
1.56621229536381	0.235881056403741	0.0236353483051062
7.51865760523087	0.710653704591095	0.871252797544003
5.77750416500079	0.492566109634936	0.750416877213866
4.17275144221983	0.492846539709717	0.432914808159694
5.20554977684001	0.474211694672704	0.664635474560782
3.29335145332881	0.190204852260649	0.509150508558378
3.97808496765955	0.0704324087128043	0.870846186298877
4.34852015632444	0.374736268538982	0.574463236145675
3.13418044369119	0.533198097953573	0.224018207052723
4.83681148163231	0.175244864774868	0.937047184677795
6.1248009685987	0.695707912091166	0.650535261724144
5.71893357209246	0.648986254353076	0.603561792057008
6.42206132461176	0.995119246887043	0.494196077808738
2.88886600452039	0.605044312775135	0.133739665383473
3.69070928290728	0.752551802434027	0.198566475650296
4.41907736507949	0.171166459331289	0.835501048713923
2.90945067589785	0.540857191197574	0.156793157802895
2.78443860014197	0.424971577711403	0.194030869984999
2.45900907312319	0.190222865669057	0.288208389421925
7.45900137271614	0.786630160873756	0.789748904295266
5.58989548566622	0.637275055982172	0.603778937831521
1.66378331552609	0.278482981724665	0.0265008299611509
3.64343010734564	0.905091596068814	0.129284800030291
3.52077632992496	0.308330941712484	0.45064258063212
3.71765410532102	0.0939018041826785	0.767853764817119
5.37166520462545	0.535505804000422	0.641542796045542
1.71359130776026	0.172461682697758	0.109298197552562
3.31524832079841	0.22345091518946	0.475762800779194
5.28866581393613	0.427379293134436	0.728698588907719
2.42737702399783	0.0745704649016261	0.374059797264636
4.09636936371619	0.438123112777248	0.45924390363507
5.61948016427136	0.594977557659149	0.62747744214721
8.01413900002925	0.871027960674837	0.809668049681932
5.5273805633827	0.730814824812114	0.515593351796269
3.20607229541843	0.0888822127599269	0.606181956361979
4.68486960513527	0.623939338838682	0.448118961649016
2.39331428094175	0.404374632518739	0.116530069382861
2.16554530148259	0.374251295579597	0.110399360302836
8.5840448760232	0.922845330554992	0.853462316095829
5.57911888410426	0.414235755102709	0.8051435330417
1.40473835763673	0.081962055992335	0.0600160968024284
7.77183580078728	0.891858347225934	0.747801589779556
2.62734487128501	0.354069362627342	0.201174856629223
7.28493711356238	0.621656683040783	0.923673212295398
3.31109625006156	0.100584112573415	0.62290567997843
3.04855663131915	0.0128889323677868	0.667755380040035
3.06811722797855	0.500308748567477	0.199839201522991
6.27180483087022	0.601652518147603	0.762004693038762
3.84110461154852	0.0158742198254913	0.902130895061418
4.2761590289269	0.921984736341983	0.215561764314771
4.40878651941761	0.73773848474957	0.321014881366864
4.86767161918361	0.63389696390368	0.480201677186415
2.3393267648051	0.114717853022739	0.303587473230436
3.03230266655331	0.972829777747393	0.00715561164543033
7.92737288974753	0.837796580977738	0.840703280642629
6.89010059644334	0.537957654567435	0.93269088352099
2.90091804103372	0.567805181024596	0.141911994200200
6.45632274110284	0.46738792816177	0.926138417096809
6.1253316189069	0.423096883343533	0.915275568608195
2.63192198913963	0.47765144566074	0.137603066395968
4.53943944258612	0.321926878998056	0.671572040300816
5.43739155091755	0.610255479579791	0.589341540588066
2.12293707538339	0.465616559842601	0.0444792415946722
1.36394399910749	0.0321130156517029	0.100353986490518
6.11945128567978	0.832205536775291	0.545627634273842
1.99249646120377	0.448201222810894	0.0205347989685833
2.99000313834405	0.824227248085663	0.0575582655146718
5.3655342386816	0.92166222142987	0.388987801736221
7.35852775834969	0.675219718599692	0.885184517363086
3.53757306396	0.820649050408974	0.149983774404973
5.29560638631997	0.688418177654967	0.514941034372896
2.91746765855928	0.745789932552725	0.0738739904481918
4.81390532416245	0.474946591304615	0.58242418942973
6.41929561244156	0.773870030418038	0.636785248992965
4.23191670310455	0.0490902373567224	0.99453718517907
3.92835449765892	0.180228650802746	0.66454611113295
